0 0.266071 0.352778 0.275000 0.075000
0 0.065476 0.344444 0.123810 0.044444
0 0.058333 0.359722 0.038095 0.072222
0 0.445833 0.325694 0.077381 0.023611
0 0.611905 0.327778 0.090476 0.033333
0 0.647619 0.345833 0.026190 0.061111
0 0.932738 0.349306 0.117857 0.037500
0 0.826786 0.446528 0.229762 0.070833
0 0.967262 0.429167 0.048810 0.044444
0 0.608929 0.418750 0.194048 0.040278
0 0.369643 0.436806 0.203571 0.076389
0 0.252381 0.416667 0.030952 0.033333
0 0.060714 0.424306 0.119048 0.037500
0 0.038690 0.441667 0.053571 0.061111
0 0.492857 0.456250 0.047619 0.034722
0 0.376190 0.517361 0.092857 0.070833
0 0.269048 0.519444 0.054762 0.075000
0 0.187500 0.496528 0.096429 0.026389
0 0.076786 0.502083 0.039286 0.026389
0 0.206548 0.593056 0.248810 0.058333
0 0.448214 0.581944 0.041667 0.025000
0 0.644643 0.579167 0.132143 0.027778
0 0.696429 0.599306 0.033333 0.056944
0 0.847619 0.602083 0.057143 0.073611
0 0.936905 0.579861 0.119048 0.031944
0 0.909524 0.524306 0.038095 0.070833
0 0.836310 0.502083 0.320238 0.031944
0 0.586310 0.497917 0.134524 0.037500
0 0.541071 0.519444 0.039286 0.072222
0 0.129762 0.658333 0.066667 0.052778
0 0.358929 0.663194 0.082143 0.054167
0 0.432738 0.675000 0.051190 0.044444
0 0.372024 0.806250 0.091667 0.059722
0 0.253571 0.793056 0.030952 0.055556
0 0.255952 0.779861 0.142857 0.026389
0 0.139286 0.790278 0.078571 0.050000
0 0.821429 0.734028 0.050000 0.062500
0 0.718452 0.735417 0.053571 0.059722
0 0.847024 0.671528 0.203571 0.062500
0 0.705357 0.788889 0.055952 0.030556
0 0.596429 0.806944 0.026190 0.061111
0 0.582143 0.785417 0.088095 0.020833
0 0.204762 0.711806 0.021429 0.018056
