0 0.382143 0.436806 0.280952 0.073611
0 0.226786 0.356250 0.353571 0.081944
0 0.440476 0.326389 0.071429 0.027778
0 0.919048 0.345139 0.145238 0.034722
0 0.617262 0.324306 0.067857 0.023611
0 0.644643 0.348611 0.015476 0.044444
0 0.830357 0.446528 0.232143 0.073611
0 0.617857 0.417361 0.188095 0.037500
0 0.967857 0.431944 0.054762 0.050000
0 0.061905 0.424306 0.121429 0.034722
0 0.048214 0.442361 0.051190 0.065278
0 0.376786 0.513889 0.084524 0.072222
0 0.269643 0.515972 0.046429 0.073611
0 0.219643 0.495139 0.153571 0.029167
0 0.076786 0.501389 0.044048 0.027778
0 0.207143 0.598611 0.257143 0.072222
0 0.125595 0.663194 0.072619 0.054167
0 0.375595 0.664583 0.186905 0.056944
0 0.732143 0.517361 0.095238 0.062500
0 0.585714 0.497222 0.128571 0.036111
0 0.891071 0.508333 0.213095 0.038889
0 0.902976 0.662500 0.072619 0.055556
0 0.785714 0.666667 0.054762 0.058333
0 0.592857 0.654167 0.219048 0.030556
0 0.376786 0.805556 0.082143 0.063889
0 0.138690 0.792361 0.086905 0.054167
0 0.719048 0.736806 0.038095 0.056944
0 0.822024 0.734722 0.053571 0.052778
0 0.205952 0.711111 0.019048 0.022222
0 0.585714 0.788889 0.092857 0.022222
0 0.595238 0.805556 0.028571 0.055556
0 0.698810 0.792361 0.052381 0.026389
0 0.258333 0.780556 0.145238 0.019444
0 0.670833 0.598611 0.096429 0.072222
0 0.602381 0.577778 0.040476 0.027778
0 0.451190 0.573611 0.042857 0.027778
0 0.787500 0.329861 0.091667 0.023611
0 0.844643 0.595833 0.046429 0.063889
0 0.944048 0.579861 0.107143 0.031944
