0 0.236905 0.352778 0.350000 0.083333
0 0.454762 0.327778 0.085714 0.033333
0 0.029167 0.348611 0.055952 0.036111
0 0.893452 0.338889 0.203571 0.047222
0 0.679167 0.329167 0.215476 0.038889
0 0.661310 0.346528 0.027381 0.068056
0 0.395238 0.436806 0.278571 0.081944
0 0.235119 0.417361 0.046429 0.031944
0 0.039286 0.447222 0.076190 0.069444
0 0.104762 0.422917 0.050000 0.031944
0 0.333333 0.522917 0.164286 0.079167
0 0.197619 0.495833 0.100000 0.027778
0 0.091071 0.500694 0.034524 0.034722
0 0.797024 0.442361 0.320238 0.076389
0 0.591071 0.412500 0.098810 0.033333
0 0.979167 0.427083 0.041667 0.043056
0 0.672619 0.597222 0.078571 0.075000
0 0.934524 0.521528 0.052381 0.076389
0 0.730952 0.522222 0.080952 0.077778
0 0.557143 0.494444 0.264286 0.027778
0 0.236310 0.591667 0.289286 0.066667
0 0.123810 0.660417 0.104762 0.056944
0 0.377381 0.668750 0.200000 0.059722
0 0.624405 0.668750 0.165476 0.065278
0 0.507143 0.651389 0.061905 0.027778
0 0.537500 0.579167 0.194048 0.038889
0 0.852976 0.597917 0.034524 0.056944
0 0.775595 0.577778 0.117857 0.025000
0 0.939881 0.575000 0.120238 0.022222
0 0.370833 0.805556 0.103571 0.061111
0 0.162500 0.791667 0.113095 0.052778
0 0.356548 0.730556 0.027381 0.061111
0 0.597619 0.790278 0.092857 0.022222
0 0.602976 0.808333 0.029762 0.050000
0 0.723810 0.735417 0.040476 0.065278
0 0.818452 0.751389 0.029762 0.063889
0 0.875000 0.664583 0.221429 0.059722
0 0.265476 0.781250 0.085714 0.023611
0 0.431548 0.713194 0.079762 0.020833
