0 0.236310 0.356250 0.355952 0.087500
0 0.027976 0.346528 0.053571 0.037500
0 0.455952 0.327083 0.080952 0.026389
0 0.898214 0.336111 0.191667 0.044444
0 0.691071 0.329861 0.215476 0.037500
0 0.792857 0.446528 0.316667 0.073611
0 0.376190 0.438889 0.314286 0.080556
0 0.039881 0.443750 0.077381 0.070833
0 0.111310 0.422222 0.058333 0.030556
0 0.203571 0.419444 0.038095 0.025000
0 0.255357 0.597917 0.329762 0.079167
0 0.327381 0.515972 0.183333 0.073611
0 0.197619 0.502083 0.088095 0.037500
0 0.090476 0.500694 0.026190 0.026389
0 0.735119 0.521528 0.098810 0.068056
0 0.605952 0.499306 0.150000 0.034722
0 0.554762 0.515972 0.042857 0.065278
0 0.935119 0.519444 0.051190 0.072222
0 0.671429 0.595139 0.073810 0.068056
0 0.819643 0.595139 0.101190 0.065278
0 0.735119 0.575000 0.067857 0.027778
0 0.939881 0.579167 0.115476 0.027778
0 0.355357 0.736111 0.025000 0.063889
0 0.363690 0.664583 0.241667 0.062500
0 0.139881 0.665278 0.134524 0.058333
0 0.624405 0.664583 0.165476 0.056944
0 0.922024 0.669444 0.067857 0.066667
0 0.831548 0.652083 0.108333 0.034722
0 0.368452 0.801389 0.103571 0.061111
0 0.164881 0.795139 0.115476 0.056944
0 0.269643 0.779167 0.082143 0.027778
0 0.595833 0.787500 0.094048 0.022222
0 0.606548 0.806250 0.029762 0.062500
0 0.715476 0.804861 0.054762 0.073611
0 0.763095 0.731250 0.119048 0.065278
0 0.951786 0.729167 0.025000 0.061111
