0 0.246429 0.359028 0.352381 0.093056
0 0.464881 0.322917 0.072619 0.031944
0 0.031548 0.345833 0.060714 0.033333
0 0.636905 0.324306 0.100000 0.031944
0 0.900000 0.331944 0.197619 0.038889
0 0.744048 0.324306 0.107143 0.031944
0 0.836905 0.356944 0.047619 0.069444
0 0.797024 0.444444 0.308333 0.083333
0 0.977381 0.426389 0.045238 0.038889
0 0.596429 0.418056 0.104762 0.033333
0 0.383929 0.439583 0.320238 0.076389
0 0.044643 0.444444 0.086905 0.063889
0 0.156548 0.424306 0.134524 0.034722
0 0.274405 0.516667 0.353571 0.080556
0 0.561310 0.518056 0.046429 0.080556
0 0.754762 0.520833 0.078571 0.083333
0 0.939286 0.526389 0.064286 0.075000
0 0.266667 0.586806 0.342857 0.079167
0 0.676786 0.594444 0.084524 0.069444
0 0.824405 0.594444 0.103571 0.063889
0 0.847024 0.494444 0.101190 0.030556
0 0.633929 0.666667 0.172619 0.072222
0 0.283929 0.661806 0.403571 0.068056
0 0.022024 0.656944 0.041667 0.063889
0 0.064286 0.638194 0.040476 0.029167
0 0.269643 0.800694 0.322619 0.065278
0 0.764286 0.736806 0.114286 0.073611
0 0.814286 0.664583 0.085714 0.056944
0 0.927381 0.661806 0.050000 0.045833
0 0.717262 0.804167 0.046429 0.058333
0 0.608929 0.809028 0.027381 0.051389
0 0.254167 0.730556 0.034524 0.055556
0 0.362500 0.734028 0.020238 0.062500
0 0.984524 0.360417 0.030952 0.068056
0 0.937500 0.577778 0.120238 0.030556
0 0.954762 0.730556 0.021429 0.055556
0 0.509524 0.781250 0.030952 0.018056
