0 0.247619 0.356944 0.354762 0.091667
0 0.039286 0.444444 0.076190 0.075000
0 0.387500 0.436806 0.303571 0.081944
0 0.158929 0.421528 0.163095 0.026389
0 0.810119 0.439583 0.320238 0.076389
0 0.597619 0.411111 0.116667 0.033333
0 0.282143 0.522917 0.340476 0.079167
0 0.603571 0.517361 0.116667 0.059722
0 0.753571 0.517361 0.050000 0.070833
0 0.927381 0.524306 0.083333 0.076389
0 0.832143 0.492361 0.097619 0.026389
0 0.463690 0.326389 0.077381 0.027778
0 0.834524 0.353472 0.045238 0.062500
0 0.930357 0.339583 0.127381 0.037500
0 0.275595 0.590278 0.344048 0.072222
0 0.683333 0.592361 0.071429 0.065278
0 0.839286 0.598611 0.140476 0.069444
0 0.938690 0.670833 0.044048 0.052778
0 0.821429 0.662500 0.095238 0.058333
0 0.182738 0.660417 0.196429 0.068056
0 0.526786 0.660417 0.398810 0.068056
0 0.373214 0.731944 0.108333 0.050000
0 0.272024 0.794444 0.313095 0.077778
0 0.717857 0.804167 0.047619 0.058333
0 0.770833 0.733333 0.113095 0.063889
0 0.036905 0.342361 0.069048 0.031944
0 0.022619 0.657639 0.042857 0.056944
0 0.047024 0.640278 0.091667 0.036111
0 0.610714 0.806250 0.026190 0.059722
0 0.608929 0.786806 0.082143 0.018056
0 0.512500 0.784722 0.034524 0.016667
0 0.700000 0.325000 0.209524 0.038889
