0 0.249405 0.351389 0.358333 0.094444
0 0.031548 0.346528 0.060714 0.031944
0 0.463690 0.323611 0.079762 0.027778
0 0.647619 0.329167 0.080952 0.033333
0 0.863095 0.351389 0.119048 0.077778
0 0.983929 0.364583 0.032143 0.076389
0 0.950595 0.337500 0.041667 0.030556
0 0.388095 0.435417 0.316667 0.065278
0 0.045833 0.443056 0.077381 0.066667
0 0.730952 0.438889 0.166667 0.066667
0 0.922619 0.445833 0.078571 0.077778
0 0.160714 0.423611 0.142857 0.033333
0 0.602381 0.414583 0.107143 0.026389
0 0.847619 0.418750 0.071429 0.031944
0 0.283929 0.515972 0.339286 0.076389
0 0.666071 0.519444 0.241667 0.080556
0 0.925595 0.519444 0.075000 0.072222
0 0.686905 0.596528 0.085714 0.056944
0 0.851190 0.597222 0.138095 0.063889
0 0.277976 0.589583 0.336905 0.079167
0 0.259524 0.665972 0.342857 0.065278
0 0.579167 0.664583 0.289286 0.062500
0 0.825595 0.671528 0.091667 0.062500
0 0.937500 0.664583 0.036905 0.051389
0 0.838690 0.495139 0.091667 0.029167
0 0.432143 0.733333 0.223810 0.077778
0 0.025595 0.654861 0.046429 0.051389
0 0.067857 0.637500 0.042857 0.022222
0 0.277381 0.795139 0.302381 0.065278
0 0.773810 0.729861 0.107143 0.062500
0 0.961905 0.730556 0.023810 0.050000
0 0.719048 0.804167 0.052381 0.058333
0 0.614881 0.806944 0.025000 0.061111
0 0.983929 0.499306 0.032143 0.026389
