0 0.243452 0.358333 0.353571 0.080556
0 0.036905 0.346528 0.064286 0.026389
0 0.465476 0.325694 0.080952 0.026389
0 0.645238 0.326389 0.083333 0.030556
0 0.866071 0.350694 0.113095 0.070833
0 0.963690 0.341667 0.072619 0.038889
0 0.730952 0.436806 0.164286 0.073611
0 0.924405 0.444444 0.077381 0.069444
0 0.851190 0.422222 0.066667 0.030556
0 0.984524 0.427778 0.030952 0.033333
0 0.386905 0.436111 0.302381 0.072222
0 0.594048 0.412500 0.111905 0.025000
0 0.322619 0.518750 0.261905 0.076389
0 0.661310 0.518056 0.229762 0.069444
0 0.925000 0.522917 0.064286 0.070833
0 0.837500 0.495139 0.103571 0.026389
0 0.310714 0.595139 0.271429 0.070833
0 0.308333 0.668056 0.252381 0.075000
0 0.582738 0.668056 0.284524 0.069444
0 0.823214 0.666667 0.089286 0.055556
0 0.939881 0.662500 0.048810 0.052778
0 0.852381 0.597917 0.142857 0.065278
0 0.371429 0.729167 0.119048 0.066667
0 0.492262 0.735417 0.098810 0.065278
0 0.321429 0.799306 0.223810 0.076389
0 0.614881 0.808333 0.029762 0.061111
0 0.611905 0.789583 0.071429 0.020833
0 0.766071 0.736111 0.113095 0.066667
0 0.722619 0.807639 0.047619 0.059722
0 0.960714 0.729167 0.023810 0.055556
0 0.963690 0.581944 0.070238 0.036111
0 0.877381 0.720833 0.073810 0.027778
