0 0.441667 0.435417 0.204762 0.068056
0 0.045238 0.438194 0.088095 0.056944
0 0.119643 0.354167 0.086905 0.044444
0 0.037500 0.347917 0.067857 0.023611
0 0.359524 0.349306 0.152381 0.073611
0 0.471429 0.324306 0.066667 0.031944
0 0.641667 0.321528 0.092857 0.031944
0 0.861905 0.350694 0.116667 0.068056
0 0.958929 0.340278 0.082143 0.033333
0 0.724405 0.437500 0.163095 0.075000
0 0.594048 0.413194 0.102381 0.029167
0 0.921429 0.441667 0.076190 0.069444
0 0.844643 0.416667 0.070238 0.027778
0 0.982143 0.427778 0.035714 0.038889
0 0.396429 0.514583 0.100000 0.073611
0 0.666667 0.518056 0.230952 0.069444
0 0.923810 0.519444 0.061905 0.063889
0 0.374405 0.591667 0.141667 0.066667
0 0.686905 0.593056 0.073810 0.055556
0 0.852381 0.597917 0.145238 0.076389
0 0.509524 0.661806 0.419048 0.065278
0 0.819048 0.665972 0.095238 0.051389
0 0.939286 0.665972 0.050000 0.048611
0 0.429167 0.733333 0.227381 0.069444
0 0.774405 0.731944 0.105952 0.066667
0 0.891667 0.649306 0.042857 0.026389
0 0.956548 0.731944 0.020238 0.050000
0 0.874405 0.713889 0.077381 0.022222
0 0.361905 0.799306 0.145238 0.081944
0 0.719643 0.807639 0.048810 0.065278
0 0.611905 0.788194 0.088095 0.029167
0 0.616667 0.805556 0.033333 0.058333
0 0.025000 0.654861 0.042857 0.056944
