0 0.249405 0.349306 0.363095 0.081944
0 0.862500 0.349306 0.108333 0.068056
0 0.044643 0.440972 0.086905 0.062500
0 0.354167 0.433333 0.379762 0.066667
0 0.736905 0.436806 0.171429 0.068056
0 0.923810 0.436806 0.080952 0.062500
0 0.926786 0.516667 0.075000 0.072222
0 0.284524 0.515972 0.333333 0.076389
0 0.667262 0.514583 0.234524 0.076389
0 0.274405 0.586806 0.329762 0.079167
0 0.687500 0.589583 0.075000 0.062500
0 0.851786 0.594444 0.141667 0.069444
0 0.257143 0.663194 0.338095 0.073611
0 0.576786 0.668056 0.277381 0.075000
0 0.826786 0.668056 0.098810 0.058333
0 0.941667 0.665972 0.042857 0.059722
0 0.426786 0.729167 0.222619 0.069444
0 0.279167 0.793056 0.305952 0.080556
0 0.614881 0.805556 0.029762 0.061111
0 0.611905 0.791667 0.080952 0.030556
0 0.719048 0.805556 0.052381 0.061111
0 0.771429 0.730556 0.114286 0.063889
0 0.869048 0.715278 0.071429 0.030556
0 0.958929 0.731944 0.025000 0.050000
0 0.264286 0.725694 0.026190 0.056944
0 0.126786 0.419444 0.084524 0.033333
0 0.599405 0.411806 0.101190 0.040278
0 0.851786 0.424306 0.063095 0.043056
0 0.959524 0.334722 0.078571 0.036111
0 0.469643 0.322222 0.070238 0.036111
0 0.022024 0.652778 0.039286 0.055556
0 0.650595 0.328472 0.094048 0.034722
