0 0.230952 0.350694 0.407143 0.084722
0 0.471429 0.327778 0.071429 0.036111
0 0.644048 0.324306 0.078571 0.031944
0 0.864881 0.350694 0.110714 0.065278
0 0.960119 0.340972 0.070238 0.037500
0 0.056548 0.445139 0.110714 0.073611
0 0.359524 0.438194 0.352381 0.073611
0 0.736905 0.440278 0.178571 0.072222
0 0.924405 0.441667 0.070238 0.072222
0 0.279762 0.515972 0.330952 0.073611
0 0.667857 0.522917 0.233333 0.079167
0 0.924405 0.520833 0.065476 0.069444
0 0.845833 0.494444 0.110714 0.030556
0 0.979762 0.495139 0.040476 0.020833
0 0.275000 0.595139 0.335714 0.076389
0 0.690476 0.598611 0.071429 0.072222
0 0.850595 0.598611 0.136905 0.063889
0 0.270238 0.660417 0.342857 0.073611
0 0.020833 0.653472 0.036905 0.054167
0 0.661905 0.665278 0.428571 0.072222
0 0.942262 0.666667 0.044048 0.063889
0 0.430357 0.731250 0.222619 0.073611
0 0.773810 0.734028 0.102381 0.070833
0 0.279167 0.792361 0.305952 0.084722
0 0.726786 0.802083 0.053571 0.070833
0 0.613095 0.786111 0.080952 0.030556
0 0.614286 0.808333 0.026190 0.063889
0 0.592857 0.410417 0.109524 0.037500
0 0.854762 0.422917 0.059524 0.034722
0 0.260714 0.725000 0.026190 0.061111
