0 0.229762 0.355556 0.414286 0.088889
0 0.903571 0.351389 0.192857 0.080556
0 0.471429 0.324306 0.059524 0.031944
0 0.644643 0.325000 0.077381 0.038889
0 0.058929 0.442361 0.115476 0.076389
0 0.355952 0.438194 0.359524 0.079167
0 0.823810 0.436806 0.350000 0.079167
0 0.285714 0.520139 0.319048 0.079167
0 0.667262 0.518750 0.241667 0.073611
0 0.912500 0.518056 0.041667 0.077778
0 0.280357 0.592361 0.339286 0.076389
0 0.689881 0.599306 0.063095 0.076389
0 0.824405 0.592361 0.082143 0.073611
0 0.595238 0.413889 0.114286 0.036111
0 0.479762 0.662500 0.764286 0.072222
0 0.024405 0.652083 0.044048 0.051389
0 0.379762 0.725694 0.314286 0.076389
0 0.775595 0.729167 0.108333 0.072222
0 0.278571 0.793750 0.300000 0.076389
0 0.721429 0.805556 0.045238 0.063889
0 0.482738 0.773611 0.086905 0.027778
0 0.635119 0.790278 0.122619 0.030556
0 0.619048 0.806944 0.023810 0.052778
0 0.043452 0.711806 0.029762 0.054167
