0 0.216667 0.352778 0.430952 0.100000
0 0.469048 0.321528 0.078571 0.034722
0 0.635714 0.327083 0.071429 0.034722
0 0.906548 0.358333 0.179762 0.080556
0 0.058333 0.443056 0.114286 0.072222
0 0.352976 0.434028 0.348810 0.073611
0 0.809524 0.441667 0.316667 0.075000
0 0.279167 0.517361 0.334524 0.084722
0 0.667857 0.518056 0.252381 0.077778
0 0.926786 0.516667 0.072619 0.066667
0 0.594048 0.411806 0.119048 0.037500
0 0.279167 0.595139 0.334524 0.070833
0 0.690476 0.594444 0.073810 0.072222
0 0.814286 0.593056 0.080952 0.066667
0 0.933333 0.572222 0.133333 0.036111
0 0.841667 0.496528 0.085714 0.026389
0 0.270238 0.659722 0.354762 0.077778
0 0.024405 0.655556 0.044048 0.050000
0 0.662500 0.669444 0.420238 0.072222
0 0.942262 0.663889 0.044048 0.052778
0 0.381548 0.729167 0.317857 0.072222
0 0.775000 0.733333 0.107143 0.063889
0 0.285119 0.790278 0.291667 0.075000
0 0.615476 0.806944 0.026190 0.058333
0 0.632738 0.785417 0.117857 0.031944
0 0.723810 0.804167 0.052381 0.066667
0 0.964286 0.729861 0.016667 0.045833
0 0.872024 0.716667 0.072619 0.022222
