0 0.220833 0.351389 0.432143 0.091667
0 0.470833 0.321528 0.063095 0.029167
0 0.650000 0.323611 0.083333 0.030556
0 0.906548 0.350694 0.184524 0.076389
0 0.059524 0.441667 0.116667 0.075000
0 0.353571 0.436806 0.366667 0.076389
0 0.806548 0.439583 0.310714 0.079167
0 0.595833 0.412500 0.108333 0.033333
0 0.282143 0.518056 0.345238 0.069444
0 0.664881 0.518750 0.222619 0.073611
0 0.927381 0.518056 0.069048 0.075000
0 0.282738 0.595833 0.334524 0.075000
0 0.579167 0.594444 0.051190 0.069444
0 0.686905 0.593056 0.071429 0.075000
0 0.817857 0.595833 0.073810 0.072222
0 0.925595 0.577083 0.129762 0.026389
0 0.537500 0.661111 0.870238 0.069444
0 0.021429 0.653472 0.040476 0.048611
0 0.041071 0.717361 0.034524 0.045833
0 0.380952 0.731250 0.321429 0.073611
0 0.771429 0.733333 0.104762 0.072222
0 0.873810 0.713194 0.090476 0.023611
0 0.960714 0.729167 0.019048 0.047222
0 0.285119 0.794444 0.301190 0.066667
0 0.724405 0.803472 0.048810 0.059722
0 0.635714 0.789583 0.130952 0.029167
0 0.616667 0.804861 0.026190 0.056944
