0 0.536310 0.502778 0.086905 0.033333
0 0.752381 0.611806 0.047619 0.029167
0 0.304762 0.347917 0.047619 0.056944
0 0.627381 0.343056 0.119048 0.036111
0 0.447024 0.331944 0.191667 0.030556
0 0.877381 0.357639 0.071429 0.026389
0 0.697024 0.447917 0.032143 0.054167
0 0.122024 0.495833 0.120238 0.025000
0 0.192262 0.596528 0.027381 0.048611
0 0.527381 0.790278 0.052381 0.025000
0 0.933929 0.585417 0.025000 0.023611
0 0.326786 0.803472 0.022619 0.051389
0 0.289881 0.416667 0.175000 0.030556
0 0.054762 0.777778 0.019048 0.019444
0 0.329167 0.720139 0.096429 0.023611
0 0.639286 0.722917 0.047619 0.023611
0 0.847024 0.591667 0.022619 0.033333
0 0.076786 0.355556 0.032143 0.047222
0 0.154167 0.580556 0.029762 0.022222
