0 0.314286 0.350694 0.066667 0.059722
0 0.641667 0.343056 0.107143 0.038889
0 0.086905 0.355556 0.033333 0.058333
0 0.031548 0.345833 0.053571 0.033333
0 0.469643 0.334028 0.225000 0.029167
0 0.904762 0.356944 0.119048 0.038889
0 0.701786 0.359028 0.022619 0.056944
0 0.148810 0.519444 0.028571 0.055556
0 0.297024 0.420833 0.175000 0.027778
0 0.011905 0.443056 0.014286 0.052778
0 0.707143 0.447917 0.033333 0.045833
0 0.576786 0.506944 0.146429 0.030556
0 0.098810 0.500694 0.057143 0.031944
0 0.764286 0.606944 0.052381 0.044444
0 0.859524 0.590278 0.030952 0.030556
0 0.947024 0.581944 0.029762 0.030556
0 0.179167 0.596528 0.067857 0.059722
0 0.336905 0.674306 0.019048 0.040278
0 0.650000 0.722917 0.057143 0.031944
0 0.361905 0.724306 0.059524 0.029167
0 0.136905 0.715278 0.026190 0.022222
0 0.066667 0.780556 0.028571 0.022222
0 0.336905 0.805556 0.030952 0.061111
0 0.536905 0.793056 0.059524 0.027778
0 0.922024 0.653472 0.022619 0.023611
