0 0.329762 0.350694 0.052381 0.068056
0 0.473810 0.331944 0.228571 0.027778
0 0.662500 0.343056 0.129762 0.050000
0 0.917262 0.354167 0.115476 0.022222
0 0.914286 0.380556 0.030952 0.022222
0 0.104167 0.355556 0.025000 0.061111
0 0.044048 0.345833 0.085714 0.038889
0 0.017262 0.445833 0.029762 0.061111
0 0.244643 0.435417 0.029762 0.056944
0 0.351786 0.436806 0.096429 0.065278
0 0.281548 0.414583 0.034524 0.029167
0 0.147024 0.499306 0.125000 0.026389
0 0.022024 0.521528 0.034524 0.054167
0 0.722024 0.441667 0.034524 0.055556
0 0.594048 0.504167 0.150000 0.030556
0 0.782143 0.608333 0.071429 0.036111
0 0.966667 0.584722 0.038095 0.025000
0 0.875000 0.585417 0.023810 0.029167
0 0.159524 0.536806 0.035714 0.037500
0 0.199405 0.593056 0.070238 0.061111
0 0.122024 0.577083 0.075000 0.029167
0 0.377381 0.680556 0.080952 0.038889
0 0.329167 0.652083 0.051190 0.026389
0 0.154167 0.720139 0.025000 0.023611
0 0.376786 0.722917 0.067857 0.031944
0 0.669048 0.718056 0.050000 0.025000
0 0.347024 0.788889 0.077381 0.022222
0 0.552381 0.790972 0.047619 0.026389
0 0.107143 0.777083 0.076190 0.026389
0 0.094048 0.805556 0.023810 0.025000
0 0.024405 0.660417 0.022619 0.048611
0 0.351786 0.822917 0.025000 0.034722
0 0.649405 0.788194 0.055952 0.031944
0 0.886905 0.718056 0.019048 0.030556
0 0.958929 0.713889 0.041667 0.022222
0 0.757143 0.725694 0.026190 0.029167
0 0.747024 0.499306 0.041667 0.034722
