0 0.198810 0.497917 0.209524 0.037500
0 0.167262 0.531944 0.029762 0.036111
0 0.209524 0.593056 0.064286 0.063889
0 0.025595 0.596528 0.048810 0.056944
0 0.067262 0.347917 0.125000 0.034722
0 0.339286 0.351389 0.071429 0.063889
0 0.486310 0.334722 0.213095 0.036111
0 0.667262 0.343056 0.134524 0.052778
0 0.899405 0.352083 0.172619 0.045833
0 0.361905 0.433333 0.109524 0.066667
0 0.250000 0.433333 0.047619 0.066667
0 0.022024 0.447917 0.032143 0.059722
0 0.597024 0.501389 0.141667 0.036111
0 0.779167 0.599306 0.105952 0.054167
0 0.924405 0.580556 0.115476 0.033333
0 0.389881 0.675694 0.079762 0.043056
0 0.117262 0.778472 0.075000 0.026389
0 0.159524 0.716667 0.026190 0.025000
0 0.129167 0.576389 0.079762 0.027778
0 0.022619 0.519444 0.042857 0.052778
0 0.674405 0.718056 0.051190 0.030556
0 0.819643 0.502778 0.034524 0.033333
0 0.758929 0.729167 0.025000 0.025000
0 0.894643 0.715972 0.029762 0.026389
0 0.351786 0.785417 0.072619 0.020833
0 0.544643 0.793056 0.091667 0.036111
0 0.657143 0.794444 0.061905 0.030556
0 0.336905 0.649306 0.050000 0.023611
0 0.964286 0.649306 0.054762 0.023611
0 0.729762 0.443056 0.042857 0.055556
0 0.019643 0.380556 0.025000 0.019444
0 0.032143 0.656944 0.059524 0.055556
