0 0.339286 0.347917 0.054762 0.070833
0 0.063095 0.346528 0.123810 0.040278
0 0.671429 0.345833 0.142857 0.047222
0 0.483929 0.335417 0.217857 0.031944
0 0.908929 0.354167 0.177381 0.038889
0 0.366667 0.435417 0.109524 0.068056
0 0.257143 0.436806 0.038095 0.068056
0 0.297024 0.416667 0.032143 0.033333
0 0.024405 0.444444 0.041667 0.069444
0 0.029762 0.521528 0.047619 0.056944
0 0.121429 0.499306 0.057143 0.040278
0 0.194643 0.519444 0.084524 0.069444
0 0.274405 0.495833 0.065476 0.036111
0 0.607143 0.519444 0.050000 0.066667
0 0.554762 0.501389 0.047619 0.036111
0 0.657143 0.499306 0.045238 0.034722
0 0.209524 0.595139 0.057143 0.062500
0 0.139286 0.577778 0.073810 0.027778
0 0.032143 0.596528 0.057143 0.056944
0 0.029762 0.656944 0.057143 0.055556
0 0.342262 0.652083 0.053571 0.026389
0 0.392262 0.677778 0.077381 0.038889
0 0.454167 0.651389 0.065476 0.022222
0 0.774405 0.609028 0.086905 0.037500
0 0.934524 0.584028 0.119048 0.034722
0 0.546429 0.786806 0.095238 0.020833
0 0.119643 0.779167 0.072619 0.033333
0 0.212500 0.780556 0.027381 0.025000
0 0.358929 0.786806 0.075000 0.018056
0 0.667262 0.791667 0.070238 0.030556
0 0.767262 0.729167 0.025000 0.022222
0 0.161905 0.713889 0.026190 0.022222
0 0.017262 0.721528 0.032143 0.045833
0 0.392262 0.718056 0.070238 0.030556
0 0.867262 0.650694 0.032143 0.031944
0 0.826786 0.505556 0.032143 0.030556
0 0.814286 0.440278 0.035714 0.055556
0 0.732143 0.443056 0.035714 0.066667
0 0.679762 0.718056 0.052381 0.027778
