0 0.026786 0.361806 0.046429 0.068056
0 0.117262 0.355556 0.048810 0.063889
0 0.074405 0.347917 0.046429 0.034722
0 0.349405 0.345833 0.065476 0.058333
0 0.671429 0.341667 0.147619 0.050000
0 0.489286 0.333333 0.204762 0.030556
0 0.908929 0.345833 0.165476 0.041667
0 0.372024 0.436806 0.105952 0.059722
0 0.259524 0.433333 0.042857 0.061111
0 0.299405 0.411806 0.034524 0.029167
0 0.025595 0.441667 0.048810 0.066667
0 0.204762 0.518056 0.083333 0.058333
0 0.716667 0.432639 0.088095 0.040278
0 0.819048 0.444444 0.047619 0.058333
0 0.031548 0.522917 0.048810 0.068056
0 0.584524 0.518056 0.092857 0.061111
0 0.657143 0.499306 0.054762 0.031944
0 0.759524 0.504167 0.038095 0.022222
0 0.829762 0.504167 0.038095 0.025000
0 0.214286 0.593056 0.069048 0.058333
0 0.136905 0.574306 0.073810 0.031944
0 0.032143 0.580556 0.050000 0.030556
0 0.783929 0.599306 0.098810 0.054167
0 0.939286 0.580556 0.116667 0.027778
0 0.398810 0.677083 0.071429 0.043056
0 0.459524 0.652083 0.066667 0.026389
0 0.569048 0.793056 0.064286 0.027778
0 0.519048 0.785417 0.033333 0.020833
0 0.394048 0.721528 0.057143 0.026389
0 0.169048 0.716667 0.030952 0.022222
0 0.032143 0.663194 0.061905 0.056944
0 0.027381 0.718056 0.045238 0.038889
0 0.122024 0.775694 0.075000 0.029167
0 0.216667 0.781944 0.028571 0.030556
0 0.346429 0.655556 0.050000 0.027778
0 0.361905 0.783333 0.078571 0.022222
0 0.667262 0.790278 0.060714 0.027778
0 0.904167 0.718056 0.029762 0.027778
0 0.889286 0.655556 0.045238 0.025000
0 0.679762 0.720833 0.054762 0.033333
0 0.771429 0.727778 0.023810 0.027778
0 0.364881 0.811806 0.020238 0.031944
0 0.280952 0.497222 0.061905 0.030556
