0 0.355357 0.348611 0.058333 0.061111
0 0.679762 0.344444 0.140476 0.044444
0 0.498810 0.331250 0.221429 0.029167
0 0.123810 0.352083 0.030952 0.056944
0 0.025595 0.362500 0.048810 0.063889
0 0.079762 0.344444 0.050000 0.036111
0 0.029167 0.440972 0.051190 0.056944
0 0.268452 0.436806 0.036905 0.059722
0 0.377381 0.436111 0.100000 0.058333
0 0.305357 0.418750 0.027381 0.020833
0 0.720833 0.425694 0.079762 0.034722
0 0.824405 0.444444 0.044048 0.061111
0 0.909524 0.347917 0.169048 0.034722
0 0.197024 0.520139 0.058333 0.070833
0 0.030952 0.524306 0.050000 0.065278
0 0.296429 0.518750 0.038095 0.054167
0 0.588095 0.518056 0.092857 0.066667
0 0.658333 0.498611 0.040476 0.030556
0 0.134524 0.500694 0.061905 0.026389
0 0.858929 0.506250 0.065476 0.029167
0 0.765476 0.502083 0.030952 0.026389
0 0.801786 0.598611 0.120238 0.050000
0 0.928571 0.584722 0.123810 0.033333
0 0.160714 0.594444 0.090476 0.052778
0 0.033929 0.593056 0.063095 0.058333
0 0.032143 0.662500 0.059524 0.052778
0 0.403571 0.671528 0.064286 0.059722
0 0.346429 0.651389 0.042857 0.030556
0 0.891667 0.650694 0.061905 0.026389
0 0.467262 0.651389 0.058333 0.022222
0 0.687500 0.719444 0.060714 0.030556
0 0.569643 0.792361 0.060714 0.026389
0 0.373214 0.805556 0.022619 0.063889
0 0.369643 0.786111 0.075000 0.022222
0 0.131548 0.777083 0.075000 0.020833
0 0.110714 0.786806 0.026190 0.048611
0 0.030357 0.719444 0.044048 0.055556
0 0.671429 0.788889 0.052381 0.030556
0 0.401190 0.724306 0.064286 0.029167
0 0.776190 0.728472 0.023810 0.029167
0 0.905952 0.718056 0.028571 0.027778
0 0.221429 0.786111 0.026190 0.025000
0 0.980357 0.709028 0.034524 0.026389
0 0.971429 0.648611 0.047619 0.025000
