0 0.379167 0.433333 0.110714 0.063889
0 0.269048 0.436111 0.040476 0.075000
0 0.304167 0.414583 0.036905 0.029167
0 0.351786 0.350694 0.065476 0.065278
0 0.127381 0.355556 0.030952 0.063889
0 0.055357 0.344444 0.108333 0.036111
0 0.031548 0.444444 0.055952 0.058333
0 0.029762 0.526389 0.045238 0.069444
0 0.242262 0.514583 0.153571 0.065278
0 0.140476 0.500000 0.066667 0.027778
0 0.586310 0.517361 0.084524 0.062500
0 0.660714 0.501389 0.061905 0.033333
0 0.722024 0.426389 0.077381 0.038889
0 0.851786 0.507639 0.063095 0.031944
0 0.619643 0.352083 0.032143 0.065278
0 0.572619 0.330556 0.061905 0.033333
0 0.923810 0.352083 0.133333 0.031944
0 0.169048 0.589583 0.107143 0.056944
0 0.052976 0.597917 0.034524 0.059722
0 0.035714 0.661111 0.059524 0.055556
0 0.842857 0.597222 0.047619 0.052778
0 0.776190 0.609722 0.071429 0.025000
0 0.469048 0.653472 0.057143 0.026389
0 0.355357 0.653472 0.058333 0.031944
0 0.407143 0.680556 0.064286 0.036111
0 0.023810 0.718056 0.045238 0.050000
0 0.022024 0.779861 0.041667 0.051389
0 0.127381 0.790972 0.052381 0.054167
0 0.224405 0.781944 0.027381 0.022222
0 0.377976 0.803472 0.025000 0.056944
0 0.370833 0.782639 0.077381 0.018056
0 0.559524 0.794444 0.095238 0.030556
0 0.677976 0.788194 0.063095 0.026389
0 0.777976 0.729167 0.027381 0.027778
0 0.691071 0.717361 0.048810 0.026389
0 0.930952 0.579861 0.121429 0.031944
0 0.256548 0.572917 0.065476 0.018056
0 0.405952 0.715972 0.057143 0.023611
