0 0.247619 0.517361 0.150000 0.068056
0 0.040476 0.522917 0.057143 0.065278
0 0.036905 0.364583 0.033333 0.068056
0 0.079167 0.347917 0.141667 0.040278
0 0.358929 0.348611 0.051190 0.063889
0 0.390476 0.434722 0.109524 0.063889
0 0.276190 0.436806 0.040476 0.062500
0 0.726190 0.423611 0.069048 0.038889
0 0.586905 0.331944 0.080952 0.027778
0 0.620833 0.347222 0.027381 0.058333
0 0.917262 0.349306 0.125000 0.026389
0 0.617857 0.520139 0.142857 0.068056
0 0.522619 0.507639 0.054762 0.031944
0 0.143452 0.503472 0.046429 0.034722
0 0.216667 0.593056 0.095238 0.055556
0 0.622024 0.576389 0.034524 0.027778
0 0.860119 0.600000 0.070238 0.052778
0 0.948810 0.581250 0.102381 0.026389
0 0.939286 0.450000 0.054762 0.061111
0 0.852976 0.503472 0.060714 0.023611
0 0.474405 0.652083 0.065476 0.023611
0 0.408929 0.677778 0.072619 0.038889
0 0.351786 0.653472 0.060714 0.029167
0 0.043452 0.583333 0.070238 0.041667
0 0.148214 0.797917 0.029762 0.054167
0 0.236905 0.782639 0.050000 0.023611
0 0.178571 0.715972 0.026190 0.026389
0 0.321429 0.713194 0.021429 0.015278
0 0.380357 0.802778 0.029762 0.058333
0 0.375000 0.785417 0.080952 0.020833
0 0.561310 0.786111 0.096429 0.016667
0 0.679167 0.788194 0.051190 0.026389
0 0.697024 0.717361 0.053571 0.023611
0 0.781548 0.729167 0.027381 0.025000
0 0.914286 0.713889 0.026190 0.025000
0 0.893452 0.648611 0.058333 0.022222
0 0.029762 0.447917 0.057143 0.062500
0 0.770833 0.579167 0.046429 0.033333
