0 0.339286 0.350000 0.116667 0.063889
0 0.141071 0.358333 0.032143 0.063889
0 0.064286 0.343750 0.119048 0.037500
0 0.047024 0.364583 0.036905 0.056944
0 0.395833 0.432639 0.115476 0.068056
0 0.283333 0.433333 0.035714 0.063889
0 0.320238 0.414583 0.033333 0.029167
0 0.635714 0.349306 0.035714 0.062500
0 0.601786 0.330556 0.096429 0.033333
0 0.946429 0.445833 0.057143 0.061111
0 0.730357 0.425694 0.075000 0.034722
0 0.023810 0.444444 0.038095 0.058333
0 0.055357 0.425694 0.101190 0.031944
0 0.253571 0.518056 0.150000 0.066667
0 0.148810 0.498611 0.057143 0.033333
0 0.055952 0.500000 0.033333 0.030556
0 0.166667 0.595139 0.219048 0.062500
0 0.604167 0.520833 0.191667 0.063889
0 0.891667 0.504167 0.114286 0.030556
0 0.879762 0.527083 0.030952 0.059722
0 0.409524 0.673611 0.080952 0.050000
0 0.329167 0.649306 0.065476 0.026389
0 0.142857 0.790972 0.071429 0.054167
0 0.387500 0.806250 0.025000 0.056944
0 0.575595 0.790278 0.094048 0.030556
0 0.706548 0.734722 0.055952 0.055556
0 0.807143 0.670139 0.066667 0.054167
0 0.881548 0.598611 0.048810 0.050000
0 0.788690 0.581250 0.063095 0.031944
0 0.604167 0.575000 0.086905 0.027778
0 0.249405 0.780556 0.046429 0.019444
0 0.683929 0.784722 0.053571 0.027778
0 0.089286 0.645833 0.038095 0.025000
0 0.811310 0.722917 0.053571 0.029167
0 0.186905 0.713889 0.028571 0.022222
0 0.386310 0.784722 0.072619 0.025000
0 0.927976 0.349306 0.136905 0.029167
0 0.955357 0.581944 0.089286 0.027778
0 0.482143 0.651389 0.057143 0.025000
0 0.048214 0.758333 0.034524 0.013889
