0 0.392857 0.436111 0.109524 0.066667
0 0.316071 0.347222 0.165476 0.063889
0 0.139286 0.353472 0.040476 0.065278
0 0.057143 0.345139 0.104762 0.037500
0 0.045238 0.361111 0.040476 0.061111
0 0.281548 0.436806 0.036905 0.059722
0 0.309524 0.416667 0.054762 0.027778
0 0.055357 0.423611 0.108333 0.033333
0 0.019643 0.444444 0.036905 0.058333
0 0.258333 0.519444 0.154762 0.077778
0 0.155357 0.496528 0.058333 0.029167
0 0.060714 0.502083 0.035714 0.029167
0 0.167857 0.593056 0.211905 0.058333
0 0.602976 0.522222 0.191667 0.069444
0 0.735714 0.436806 0.073810 0.059722
0 0.944048 0.447222 0.059524 0.063889
0 0.933929 0.345139 0.132143 0.037500
0 0.598810 0.329167 0.095238 0.025000
0 0.633929 0.343750 0.029762 0.056944
0 0.408333 0.673611 0.083333 0.050000
0 0.477976 0.654167 0.070238 0.030556
0 0.333333 0.652083 0.083333 0.031944
0 0.094643 0.638889 0.044048 0.030556
0 0.143452 0.791667 0.048810 0.050000
0 0.252976 0.782639 0.046429 0.026389
0 0.380357 0.783333 0.075000 0.027778
0 0.570833 0.789583 0.094048 0.029167
0 0.392262 0.800694 0.029762 0.056944
0 0.815476 0.670833 0.059524 0.052778
0 0.880357 0.600000 0.051190 0.052778
0 0.798810 0.580556 0.073810 0.025000
0 0.954167 0.581944 0.089286 0.030556
0 0.885714 0.505556 0.104762 0.036111
0 0.883333 0.525000 0.038095 0.066667
0 0.708929 0.734722 0.058333 0.058333
0 0.189286 0.713889 0.026190 0.022222
0 0.382738 0.718056 0.127381 0.022222
0 0.691071 0.786111 0.051190 0.022222
0 0.893452 0.647222 0.060714 0.022222
