0 0.325000 0.348611 0.157143 0.063889
0 0.139881 0.352778 0.041667 0.055556
0 0.055357 0.343750 0.108333 0.037500
0 0.050000 0.357639 0.033333 0.054167
0 0.378571 0.431944 0.147619 0.066667
0 0.284524 0.419444 0.045238 0.038889
0 0.054167 0.427083 0.105952 0.034722
0 0.022024 0.444444 0.041667 0.066667
0 0.269643 0.518750 0.165476 0.081944
0 0.155952 0.498611 0.057143 0.027778
0 0.063690 0.500000 0.041667 0.030556
0 0.194643 0.592361 0.258333 0.051389
0 0.575000 0.516667 0.121429 0.072222
0 0.759524 0.437500 0.114286 0.069444
0 0.534524 0.419444 0.061905 0.030556
0 0.637500 0.419444 0.029762 0.036111
0 0.602976 0.329861 0.094048 0.026389
0 0.638095 0.349306 0.030952 0.062500
0 0.949405 0.449306 0.053571 0.062500
0 0.934524 0.345139 0.130952 0.037500
0 0.411310 0.672917 0.091667 0.054167
0 0.711310 0.736111 0.060714 0.063889
0 0.888690 0.593750 0.058333 0.059722
0 0.804762 0.579167 0.088095 0.033333
0 0.378571 0.735417 0.042857 0.054167
0 0.151190 0.777083 0.071429 0.020833
0 0.147024 0.790972 0.046429 0.051389
0 0.253571 0.781250 0.047619 0.023611
0 0.094643 0.650694 0.041667 0.037500
0 0.575595 0.793056 0.098810 0.025000
0 0.386905 0.783333 0.066667 0.027778
0 0.392857 0.805556 0.023810 0.058333
0 0.483333 0.497222 0.057143 0.036111
0 0.819643 0.662500 0.067857 0.052778
0 0.900000 0.643750 0.078571 0.026389
0 0.193452 0.713889 0.027381 0.022222
0 0.816667 0.721528 0.050000 0.034722
0 0.929167 0.713194 0.022619 0.015278
0 0.434524 0.582639 0.045238 0.031944
0 0.604167 0.577083 0.082143 0.034722
0 0.796429 0.500000 0.302381 0.027778
0 0.688095 0.520139 0.030952 0.056944
0 0.692857 0.788889 0.064286 0.036111
