0 0.263690 0.354167 0.272619 0.083333
0 0.062500 0.344444 0.122619 0.038889
0 0.055357 0.361111 0.032143 0.058333
0 0.360119 0.438194 0.189286 0.070833
0 0.066071 0.424306 0.094048 0.031944
0 0.537500 0.440278 0.041667 0.055556
0 0.761310 0.439583 0.110714 0.073611
0 0.918452 0.449306 0.122619 0.068056
0 0.582738 0.519444 0.127381 0.072222
0 0.294643 0.519444 0.115476 0.080556
0 0.185119 0.496528 0.101190 0.037500
0 0.027381 0.444444 0.038095 0.075000
0 0.071429 0.499306 0.035714 0.029167
0 0.204167 0.592361 0.253571 0.062500
0 0.144643 0.660417 0.034524 0.062500
0 0.152381 0.791667 0.057143 0.047222
0 0.246429 0.778472 0.130952 0.023611
0 0.326190 0.721528 0.066667 0.029167
0 0.200000 0.713194 0.023810 0.020833
0 0.336310 0.731944 0.029762 0.050000
0 0.423214 0.671528 0.089286 0.059722
0 0.445238 0.579861 0.042857 0.031944
0 0.383333 0.806250 0.045238 0.054167
0 0.577381 0.789583 0.083333 0.031944
0 0.591071 0.803472 0.036905 0.056944
0 0.716071 0.738194 0.063095 0.062500
0 0.857143 0.593750 0.092857 0.065278
0 0.902976 0.524306 0.036905 0.065278
0 0.826190 0.499306 0.319048 0.023611
0 0.691667 0.521528 0.023810 0.059722
0 0.933929 0.345139 0.129762 0.031944
0 0.604167 0.327778 0.077381 0.030556
0 0.642857 0.345833 0.021429 0.055556
0 0.639881 0.416667 0.027381 0.036111
0 0.439286 0.497917 0.157143 0.037500
0 0.694643 0.596528 0.025000 0.059722
0 0.644048 0.572917 0.111905 0.026389
0 0.528571 0.652083 0.109524 0.026389
0 0.664286 0.668056 0.035714 0.050000
0 0.863095 0.670833 0.150000 0.061111
0 0.699405 0.788194 0.048810 0.034722
0 0.047619 0.632639 0.040476 0.015278
0 0.063690 0.759722 0.034524 0.016667
0 0.424405 0.781250 0.017857 0.018056
0 0.422619 0.715278 0.076190 0.019444
0 0.822619 0.718750 0.054762 0.023611
