0 0.267262 0.353472 0.277381 0.076389
0 0.063690 0.345139 0.125000 0.034722
0 0.055357 0.359028 0.025000 0.056944
0 0.067262 0.499306 0.039286 0.026389
0 0.057143 0.428472 0.111905 0.037500
0 0.023214 0.446528 0.041667 0.068056
0 0.361905 0.436111 0.190476 0.063889
0 0.370238 0.515972 0.083333 0.065278
0 0.198810 0.595833 0.242857 0.069444
0 0.583929 0.518056 0.122619 0.072222
0 0.469643 0.497917 0.098810 0.029167
0 0.761905 0.445139 0.104762 0.068056
0 0.914881 0.443750 0.120238 0.065278
0 0.420833 0.672917 0.075000 0.048611
0 0.261310 0.522222 0.058333 0.069444
0 0.179167 0.501389 0.096429 0.036111
0 0.607143 0.330556 0.090476 0.036111
0 0.647619 0.347917 0.035714 0.068056
0 0.933929 0.340972 0.122619 0.037500
0 0.720238 0.497917 0.102381 0.034722
0 0.695833 0.515972 0.032143 0.065278
0 0.444048 0.578472 0.035714 0.031944
0 0.694048 0.595833 0.035714 0.061111
0 0.638690 0.572917 0.144048 0.026389
0 0.950000 0.504861 0.059524 0.029167
0 0.386905 0.804861 0.050000 0.056944
0 0.123810 0.791667 0.057143 0.050000
0 0.567857 0.785417 0.054762 0.018056
0 0.140476 0.662500 0.040476 0.061111
0 0.570238 0.652083 0.216667 0.031944
0 0.541071 0.440278 0.044048 0.058333
0 0.336310 0.735417 0.034524 0.045833
0 0.423810 0.714583 0.078571 0.023611
0 0.235714 0.778472 0.161905 0.023611
